163 19.842943 1696801597
166 19.842943 1696801597
169 19.842943 1696801597
172 19.842943 1696801597
175 19.842943 1696801597
178 19.842943 1696801597
181 19.842943 1696801597
184 19.842943 1696801597
187 19.842943 1696801597
190 19.842943 1696801597
193 19.842943 1696801597
196 19.842943 1696801597
199 19.842943 1696801597
163 19.947705 1696801598
166 19.947705 1696801598
169 19.947705 1696801598
172 19.947705 1696801598
175 19.947705 1696801598
178 19.947705 1696801598
181 19.947705 1696801598
184 19.947705 1696801598
187 19.947705 1696801598
190 19.947705 1696801598
193 19.947705 1696801598
196 19.947705 1696801598
199 19.947705 1696801598
205 19.842943 1696801598
202 19.842943 1696801598
163 20.156449 1696801599
166 20.156449 1696801599
169 20.156449 1696801599
172 20.156449 1696801599
175 20.156449 1696801599
178 20.156449 1696801599
181 20.156449 1696801599
184 20.156449 1696801599
187 20.156449 1696801599
190 20.156449 1696801599
193 20.156449 1696801599
196 20.156449 1696801599
199 20.156449 1696801599
205 19.947705 1696801599
202 19.947705 1696801599
163 19.925459 1696801600
166 19.925459 1696801600
169 19.925459 1696801600
172 19.925459 1696801600
175 19.925459 1696801600
178 19.925459 1696801600
181 19.925459 1696801600
184 19.925459 1696801600
187 19.925459 1696801600
190 19.925459 1696801600
193 19.925459 1696801600
196 19.925459 1696801600
199 19.925459 1696801600
205 20.156449 1696801600
202 20.156449 1696801600
163 19.851090 1696801601
166 19.851090 1696801601
169 19.851090 1696801601
172 19.851090 1696801601
175 19.851090 1696801601
178 19.851090 1696801601
181 19.851090 1696801601
184 19.851090 1696801601
187 19.851090 1696801601
190 19.851090 1696801601
193 19.851090 1696801601
196 19.851090 1696801601
199 19.851090 1696801601
202 19.925459 1696801601
205 19.925459 1696801601
163 19.717738 1696801602
166 19.717738 1696801602
169 19.717738 1696801602
172 19.717738 1696801602
178 19.717738 1696801602
181 19.717738 1696801602
175 19.717738 1696801602
184 19.717738 1696801602
187 19.717738 1696801602
190 19.717738 1696801602
193 19.717738 1696801602
196 19.717738 1696801602
199 19.717738 1696801602
202 19.851090 1696801602
205 19.851090 1696801602
163 19.815489 1696801603
166 19.815489 1696801603
169 19.815489 1696801603
172 19.815489 1696801603
175 19.815489 1696801603
178 19.815489 1696801603
181 19.815489 1696801603
184 19.815489 1696801603
187 19.815489 1696801603
190 19.815489 1696801603
193 19.815489 1696801603
196 19.815489 1696801603
199 19.815489 1696801603
202 19.717738 1696801603
205 19.717738 1696801603
163 19.670247 1696801604
166 19.670247 1696801604
169 19.670247 1696801604
172 19.670247 1696801604
175 19.670247 1696801604
178 19.670247 1696801604
181 19.670247 1696801604
184 19.670247 1696801604
187 19.670247 1696801604
190 19.670247 1696801604
196 19.670247 1696801604
193 19.670247 1696801604
199 19.670247 1696801604
202 19.815489 1696801604
205 19.815489 1696801604
163 19.839120 1696801605
166 19.839120 1696801605
169 19.839120 1696801605
172 19.839120 1696801605
178 19.839120 1696801605
181 19.839120 1696801605
175 19.839120 1696801605
184 19.839120 1696801605
187 19.839120 1696801605
190 19.839120 1696801605
193 19.839120 1696801605
196 19.839120 1696801605
199 19.839120 1696801605
205 19.670247 1696801605
202 19.670247 1696801605
163 20.056476 1696801606
166 20.056476 1696801606
169 20.056476 1696801606
172 20.056476 1696801606
178 20.056476 1696801606
175 20.056476 1696801606
181 20.056476 1696801606
184 20.056476 1696801606
190 20.056476 1696801606
187 20.056476 1696801606
193 20.056476 1696801606
196 20.056476 1696801606
199 20.056476 1696801606
202 19.839120 1696801606
205 19.839120 1696801606
163 20.093493 1696801607
166 20.093493 1696801607
169 20.093493 1696801607
172 20.093493 1696801607
178 20.093493 1696801607
175 20.093493 1696801607
181 20.093493 1696801607
184 20.093493 1696801607
187 20.093493 1696801607
190 20.093493 1696801607
193 20.093493 1696801607
196 20.093493 1696801607
199 20.093493 1696801607
205 20.056476 1696801607
202 20.056476 1696801607
166 20.000241 1696801608
163 20.000241 1696801608
169 20.000241 1696801608
172 20.000241 1696801608
178 20.000241 1696801608
175 20.000241 1696801608
181 20.000241 1696801608
184 20.000241 1696801608
187 20.000241 1696801608
190 20.000241 1696801608
193 20.000241 1696801608
196 20.000241 1696801608
199 20.000241 1696801608
205 20.093493 1696801608
202 20.093493 1696801608
163 20.248366 1696801609
166 20.248366 1696801609
169 20.248366 1696801609
172 20.248366 1696801609
175 20.248366 1696801609
178 20.248366 1696801609
181 20.248366 1696801609
187 20.248366 1696801609
184 20.248366 1696801609
190 20.248366 1696801609
193 20.248366 1696801609
199 20.248366 1696801609
196 20.248366 1696801609
205 20.000241 1696801609
202 20.000241 1696801609
163 20.090377 1696801610
166 20.090377 1696801610
169 20.090377 1696801610
172 20.090377 1696801610
178 20.090377 1696801610
181 20.090377 1696801610
175 20.090377 1696801610
187 20.090377 1696801610
184 20.090377 1696801610
190 20.090377 1696801610
193 20.090377 1696801610
199 20.090377 1696801610
196 20.090377 1696801610
205 20.248366 1696801610
202 20.248366 1696801610
163 19.935511 1696801611
166 19.935511 1696801611
169 19.935511 1696801611
172 19.935511 1696801611
181 19.935511 1696801611
175 19.935511 1696801611
178 19.935511 1696801611
187 19.935511 1696801611
184 19.935511 1696801611
190 19.935511 1696801611
193 19.935511 1696801611
199 19.935511 1696801611
196 19.935511 1696801611
205 20.090377 1696801611
202 20.090377 1696801611
163 19.972027 1696801612
166 19.972027 1696801612
169 19.972027 1696801612
172 19.972027 1696801612
181 19.972027 1696801612
175 19.972027 1696801612
178 19.972027 1696801612
187 19.972027 1696801612
184 19.972027 1696801612
190 19.972027 1696801612
193 19.972027 1696801612
199 19.972027 1696801612
196 19.972027 1696801612
205 19.935511 1696801612
202 19.935511 1696801612
163 20.068376 1696801613
166 20.068376 1696801613
169 20.068376 1696801613
172 20.068376 1696801613
181 20.068376 1696801613
175 20.068376 1696801613
178 20.068376 1696801613
187 20.068376 1696801613
184 20.068376 1696801613
190 20.068376 1696801613
193 20.068376 1696801613
199 20.068376 1696801613
196 20.068376 1696801613
205 19.972027 1696801613
202 19.972027 1696801613
163 19.883731 1696801614
166 19.883731 1696801614
169 19.883731 1696801614
172 19.883731 1696801614
181 19.883731 1696801614
175 19.883731 1696801614
178 19.883731 1696801614
187 19.883731 1696801614
184 19.883731 1696801614
190 19.883731 1696801614
193 19.883731 1696801614
199 19.883731 1696801614
196 19.883731 1696801614
205 20.068376 1696801614
202 20.068376 1696801614
163 19.896869 1696801615
166 19.896869 1696801615
169 19.896869 1696801615
172 19.896869 1696801615
181 19.896869 1696801615
175 19.896869 1696801615
187 19.896869 1696801615
178 19.896869 1696801615
184 19.896869 1696801615
190 19.896869 1696801615
193 19.896869 1696801615
196 19.896869 1696801615
199 19.896869 1696801615
202 19.883731 1696801615
205 19.883731 1696801615
166 20.118025 1696801616
169 20.118025 1696801616
163 20.118025 1696801616
172 20.118025 1696801616
181 20.118025 1696801616
175 20.118025 1696801616
178 20.118025 1696801616
187 20.118025 1696801616
193 20.118025 1696801616
184 20.118025 1696801616
190 20.118025 1696801616
196 20.118025 1696801616
199 20.118025 1696801616
202 19.896869 1696801616
205 19.896869 1696801616
166 20.074534 1696801617
169 20.074534 1696801617
163 20.074534 1696801617
172 20.074534 1696801617
181 20.074534 1696801617
175 20.074534 1696801617
178 20.074534 1696801617
187 20.074534 1696801617
184 20.074534 1696801617
190 20.074534 1696801617
193 20.074534 1696801617
196 20.074534 1696801617
199 20.074534 1696801617
205 20.118025 1696801617
202 20.118025 1696801617
166 19.846259 1696801618
169 19.846259 1696801618
163 19.846259 1696801618
172 19.846259 1696801618
181 19.846259 1696801618
175 19.846259 1696801618
178 19.846259 1696801618
187 19.846259 1696801618
184 19.846259 1696801618
193 19.846259 1696801618
190 19.846259 1696801618
196 19.846259 1696801618
199 19.846259 1696801618
202 20.074534 1696801618
205 20.074534 1696801618
166 19.827330 1696801619
169 19.827330 1696801619
163 19.827330 1696801619
172 19.827330 1696801619
181 19.827330 1696801619
175 19.827330 1696801619
178 19.827330 1696801619
187 19.827330 1696801619
193 19.827330 1696801619
184 19.827330 1696801619
190 19.827330 1696801619
196 19.827330 1696801619
199 19.827330 1696801619
202 19.846259 1696801619
205 19.846259 1696801619
166 19.657612 1696801620
169 19.657612 1696801620
163 19.657612 1696801620
172 19.657612 1696801620
181 19.657612 1696801620
175 19.657612 1696801620
187 19.657612 1696801620
178 19.657612 1696801620
193 19.657612 1696801620
184 19.657612 1696801620
190 19.657612 1696801620
196 19.657612 1696801620
199 19.657612 1696801620
202 19.827330 1696801620
205 19.827330 1696801620
166 19.727685 1696801621
169 19.727685 1696801621
163 19.727685 1696801621
172 19.727685 1696801621
181 19.727685 1696801621
175 19.727685 1696801621
187 19.727685 1696801621
178 19.727685 1696801621
193 19.727685 1696801621
184 19.727685 1696801621
190 19.727685 1696801621
196 19.727685 1696801621
199 19.727685 1696801621
205 19.657612 1696801621
202 19.657612 1696801621
163 19.846610 1696801622
169 19.846610 1696801622
166 19.846610 1696801622
172 19.846610 1696801622
175 19.846610 1696801622
181 19.846610 1696801622
187 19.846610 1696801622
178 19.846610 1696801622
193 19.846610 1696801622
184 19.846610 1696801622
190 19.846610 1696801622
196 19.846610 1696801622
199 19.846610 1696801622
205 19.727685 1696801622
202 19.727685 1696801622
163 19.676852 1696801623
169 19.676852 1696801623
166 19.676852 1696801623
172 19.676852 1696801623
175 19.676852 1696801623
181 19.676852 1696801623
187 19.676852 1696801623
178 19.676852 1696801623
193 19.676852 1696801623
184 19.676852 1696801623
190 19.676852 1696801623
196 19.676852 1696801623
199 19.676852 1696801623
202 19.846610 1696801623
205 19.846610 1696801623
163 19.663784 1696801624
169 19.663784 1696801624
172 19.663784 1696801624
166 19.663784 1696801624
175 19.663784 1696801624
181 19.663784 1696801624
187 19.663784 1696801624
178 19.663784 1696801624
193 19.663784 1696801624
184 19.663784 1696801624
190 19.663784 1696801624
196 19.663784 1696801624
199 19.663784 1696801624
202 19.676852 1696801624
205 19.676852 1696801624
163 19.670547 1696801625
169 19.670547 1696801625
172 19.670547 1696801625
166 19.670547 1696801625
175 19.670547 1696801625
181 19.670547 1696801625
187 19.670547 1696801625
178 19.670547 1696801625
193 19.670547 1696801625
190 19.670547 1696801625
196 19.670547 1696801625
199 19.670547 1696801625
184 19.670547 1696801625
202 19.663784 1696801625
205 19.663784 1696801625
163 19.580159 1696801626
169 19.580159 1696801626
166 19.580159 1696801626
172 19.580159 1696801626
181 19.580159 1696801626
175 19.580159 1696801626
178 19.580159 1696801626
187 19.580159 1696801626
184 19.580159 1696801626
190 19.580159 1696801626
193 19.580159 1696801626
196 19.580159 1696801626
199 19.580159 1696801626
205 19.670547 1696801626
202 19.670547 1696801626
163 19.721702 1696801627
169 19.721702 1696801627
166 19.721702 1696801627
172 19.721702 1696801627
175 19.721702 1696801627
181 19.721702 1696801627
187 19.721702 1696801627
178 19.721702 1696801627
193 19.721702 1696801627
190 19.721702 1696801627
196 19.721702 1696801627
199 19.721702 1696801627
